15:28:55    kbmemfree kbmemused  %memused kbbuffers  kbcached  kbcommit   %commit  kbactive   kbinact   kbdirty
15:28:56       267092    680980     71.83     35944    264180    906436     95.61    464460    169960         8
15:28:57       267092    680980     71.83     35944    264180    906436     95.61    464512    169964         8
15:28:58       267092    680980     71.83     35944    264180    906436     95.61    464512    169964         8
15:28:59       267012    681060     71.84     35944    264180    908820     95.86    464636    169968         8
15:29:00       267092    680980     71.83     35944    264180    907696     95.74    464548    169968         8
15:29:01       267092    680980     71.83     35944    264180    907696     95.74    464548    169968        28
15:29:02       267116    680956     71.83     35944    264180    907696     95.74    464476    169968        28
15:29:03       266864    681208     71.85     35944    264180    906980     95.67    464420    169968        28
15:29:04       266896    681176     71.85     35944    264180    906980     95.67    464420    169968        28
15:29:05       267096    680976     71.83     35944    264180    907904     95.76    464820    169968        28
15:29:06       267148    680924     71.82     35952    264184    906680     95.63    464452    169964        12
15:29:07       267400    680672     71.80     35952    264184    881116     92.94    463752    169964        12
15:29:08       267848    680224     71.75     35952    264184    907740     95.75    464460    169968        12
15:29:09       267272    680800     71.81     35952    264184    908784     95.86    464796    169968        12
15:29:10       267376    680696     71.80     35952    264184    908784     95.86    464564    169968        12
15:29:11       267376    680696     71.80     35952    264184    906820     95.65    464564    169968         0
15:29:12       267376    680696     71.80     35952    264184    906820     95.65    464564    169968         8
15:29:13       267376    680696     71.80     35952    264184    906820     95.65    464564    169968         8
15:29:14       267376    680696     71.80     35952    264184    906820     95.65    464564    169968         8
15:29:15       267376    680696     71.80     35952    264184    906820     95.65    464564    169968         8
15:29:16       262656    685416     72.30     35952    264104    911136     96.10    467912    169884        12
15:29:17       262396    685676     72.32     35952    264108    911828     96.18    468020    169888         0
15:29:18       262364    685708     72.33     35952    264108    911828     96.18    468020    169888        12
15:29:19       260788    687284     72.49     35952    264108    912228     96.22    468164    169888        12
15:29:20       260884    687188     72.48     35952    264108    912228     96.22    468044    169888        12
15:29:21       260884    687188     72.48     35956    264108    912228     96.22    468044    169888        36
15:29:22       260884    687188     72.48     35956    264108    912228     96.22    468044    169888        36
15:29:23       260884    687188     72.48     35956    264108    912028     96.20    468048    169888        12
15:29:24       260884    687188     72.48     35956    264108    912028     96.20    468048    169888        12
15:29:25       260884    687188     72.48     35956    264108    912028     96.20    468048    169888        12
15:29:26       260884    687188     72.48     35960    264108    912028     96.20    467972    169888        16
15:29:27       260884    687188     72.48     35960    264108    912028     96.20    467972    169888        16
15:29:28       260852    687220     72.49     35960    264108    911812     96.18    467992    169888         8
15:29:29       260996    687076     72.47     35960    264108    911676     96.16    468160    169888        12
15:29:30       261136    686936     72.46     35960    264108    911676     96.16    468056    169888        12
15:29:31       261136    686936     72.46     35964    264108    911676     96.16    468056    169888        16
15:29:32       261144    686928     72.46     35964    264116    911676     96.16    468056    169888        20
15:29:33       261144    686928     72.46     35964    264116    911676     96.16    468060    169888         0
15:29:34       261144    686928     72.46     35964    264116    912084     96.20    468060    169888        12
15:29:35       261112    686960     72.46     35964    264116    912084     96.20    468060    169888        12
15:29:36       260892    687180     72.48     35964    264120    912084     96.20    467984    169896        32
15:29:37       260860    687212     72.49     35964    264120    912084     96.20    467984    169896        32
15:29:38       260860    687212     72.49     35964    264120    912084     96.20    467984    169896        32
15:29:39       260504    687568     72.52     35964    264120    912220     96.22    468328    169896         4
15:29:40       260640    687432     72.51     35964    264120    911884     96.18    468048    169892        12
15:29:41       260640    687432     72.51     35964    264120    911884     96.18    468048    169892        28
15:29:42       260640    687432     72.51     35964    264120    911884     96.18    468048    169892        28
15:29:43       260624    687448     72.51     35964    264120    912032     96.20    468076    169896        28
15:29:44       260640    687432     72.51     35964    264120    912032     96.20    468076    169896         0
15:29:45       260640    687432     72.51     35964    264120    925116     97.58    468076    169896        12
15:29:46       260640    687432     72.51     35968    264124    910548     96.04    468056    169900        24
15:29:47       260640    687432     72.51     35968    264124    910548     96.04    468056    169900        24
15:29:48       260640    687432     72.51     35968    264124    910548     96.04    468056    169900        24
15:29:49       260316    687756     72.54     35968    264124    912180     96.21    468300    169900        24
15:29:50       260388    687684     72.53     35968    264124    912180     96.21    468080    169900         8
15:29:51       260588    687484     72.51     35972    264120    911504     96.14    468080    169900        12
15:29:52       260640    687432     72.51     35972    264124    911504     96.14    468084    169900        28
15:29:53       260640    687432     72.51     35972    264128    911504     96.14    468084    169900        32
15:29:54       260640    687432     72.51     35972    264128    911504     96.14    468084    169900        32
15:29:55       260640    687432     72.51     35972    264128    911504     96.14    468088    169900         0
15:29:56       260640    687432     72.51     35972    264128    912156     96.21    468032    169904        12
15:29:57       260632    687440     72.51     35980    264128    912096     96.21    468064    169904        28
15:29:58       260656    687416     72.51     35980    264128    912096     96.21    467992    169904        28
15:29:59       260348    687724     72.54     35980    264128    912188     96.22    468076    169904        28
15:30:00       260444    687628     72.53     35980    264128    912188     96.22    468020    169904        28
15:30:01       260476    687596     72.53     35980    264128    912188     96.22    468020    169904         8
15:30:02       260476    687596     72.53     35980    264128    912188     96.22    468020    169904        20
15:30:03       260760    687312     72.50     35980    264128    910604     96.05    467980    169904        20
15:30:04       261828    686244     72.38     35980    264132    937204     98.85    468148    169904        20
15:30:05       261744    686328     72.39     35980    264132    911584     96.15    468080    169904        20
15:30:06       261240    686832     72.45     35980    264132    912192     96.22    468556    169904        20
15:30:07       261192    686880     72.45     35984    264132    912192     96.22    468576    169904        20
15:30:08       260972    687100     72.47     35984    264136    912972     96.30    468100    169908        24
15:30:09       260600    687472     72.51     35984    264136    912720     96.27    468324    169908        24
15:30:10       260720    687352     72.50     35984    264140    912720     96.27    468124    169908        28
15:30:11       260720    687352     72.50     35984    264140    912720     96.27    468124    169908        28
15:30:12       260720    687352     72.50     35988    264136    912720     96.27    468124    169908        28
15:30:13       260720    687352     72.50     35988    264136    912720     96.27    468124    169908        28
15:30:14       260712    687360     72.50     35988    264136    912196     96.22    468100    169904        28
15:30:15       260720    687352     72.50     35988    264136    912196     96.22    468100    169904        28
15:30:16       375876    572196     60.35     35988    264136    908564     95.83    352080    169904        28
15:30:17       537632    410440     43.29     35988    264140    559004     58.96    192720    169848        36
15:30:18       538136    409936     43.24     35988    264140    558832     58.94    192720    169848        36
15:30:19       538136    409936     43.24     35988    264140    559236     58.99    192740    169848        36
15:30:20       538136    409936     43.24     35988    264140    557776     58.83    192716    169844        36
15:30:21       538136    409936     43.24     35988    264140    557776     58.83    192716    169844        36
15:30:22       538136    409936     43.24     35996    264132    557776     58.83    192716    169844        36
15:30:23       537884    410188     43.27     35996    264140    557528     58.81    192692    169848        36
15:30:24       537884    410188     43.27     35996    264140    557528     58.81    192692    169848        36
15:30:25       538084    409988     43.24     35996    264140    557808     58.84    192892    169848        36
15:30:26       538136    409936     43.24     35996    264140    557804     58.84    192724    169844        36
15:30:27       538136    409936     43.24     36000    264136    557804     58.84    192724    169844        36
15:30:28       538388    409684     43.21     36000    264136    558772     58.94    192672    169848        36
15:30:29       538372    409700     43.21     36000    264140    560940     59.17    192752    169848        36
15:30:30       538388    409684     43.21     36000    264140    560940     59.17    192752    169848        36
15:30:31       538372    409700     43.21     36000    264144    559212     58.98    192728    169844        24
15:30:32       538388    409684     43.21     36000    264144    559212     58.98    192728    169844        36
15:30:33       538356    409716     43.22     36000    264144    559212     58.98    192728    169844        36
15:30:34       538388    409684     43.21     36000    264144    559212     58.98    192728    169844        36
15:30:35       538388    409684     43.21     36000    264144    559212     58.98    192728    169844        36
15:30:36       538388    409684     43.21     36000    264144    559212     58.98    192728    169844        12
15:30:37       538388    409684     43.21     36000    264148    559708     59.04    192752    169848        20
15:30:38       538388    409684     43.21     36000    264148    558504     58.91    192732    169852        20
15:30:39       538372    409700     43.21     36000    264148    560376     59.11    192756    169852        20
15:30:40       538388    409684     43.21     36000    264148    560376     59.11    192756    169852        20
15:30:41       538324    409748     43.22     36000    264148    560376     59.11    192756    169852        20
15:30:42       538356    409716     43.22     36008    264148    560408     59.11    192956    169852        20
15:30:43       538640    409432     43.19     36008    264148    558900     58.95    192768    169852        20
15:30:44       538640    409432     43.19     36008    264148    558900     58.95    192768    169852        20
15:30:45       538640    409432     43.19     36008    264152    558900     58.95    192768    169852        24
15:30:46       538640    409432     43.19     36008    264152    558900     58.95    192768    169852        24
15:30:47       538640    409432     43.19     36012    264148    558900     58.95    192768    169852        24
15:30:48       538388    409684     43.21     36012    264152    559964     59.06    192752    169856        24
15:30:49       538640    409432     43.19     36012    264152    560688     59.14    192772    169856        24
15:30:50       538640    409432     43.19     36012    264152    560688     59.14    192772    169856        24
15:30:51       538640    409432     43.19     36012    264152    560688     59.14    192772    169856        20
15:30:52       538640    409432     43.19     36016    264152    560688     59.14    192772    169856        24
15:30:53       538640    409432     43.19     36016    264152    560688     59.14    192772    169856        24
15:30:54       538876    409196     43.16     36016    264152    559172     58.98    192748    169852        24
15:30:55       539168    408904     43.13     36016    264152    559172     58.98    192672    169852        24
Average:       353084    594988     62.76     35976    264139    796621     84.03    377038    169893        21